scene_id,im_id,obj_id,score,R,t,time
000002,000003,5,0.9582748413085938,0.9579579011223446 0.2841962833138907 -0.0393590171097189 0.23371645556231177 -0.8525456028487741 -0.4674854152405295 -0.16641297448414988 0.4386324972158255 -0.8831241443362006,135.52454582050706 44.08947868847992 981.6933309055996,-1
000002,000008,5,0.9285492897033691,0.9598430755339528 0.25729075794985073 0.11181563496718144 0.2797719346411767 -0.907328594152659 -0.31381919447365336 0.02071074447372176 0.3325000573030791 -0.9428758014483103,-36.836803626282475 167.47490100272555 989.7974909669153,-1
000002,000017,5,0.9648606777191162,0.9042643803287499 0.4229334288496341 -0.05859390096378178 0.1655750704242564 -0.4738378392047473 -0.8649061210280448 -0.39356171882268287 0.7724021082954576 -0.498501912311345,64.26126304876227 48.85830942243406 964.1369773545586,-1
000002,000027,5,0.9536576271057129,0.98436096928029 0.17015038621446735 0.04563253476014121 0.12338459714391578 -0.4810264798789854 -0.8679802802154353 -0.12573672234157174 0.8600362618670794 -0.4944976288401177,244.48476443554978 127.43890105443495 975.6723050942103,-1
000002,000036,5,0.9639015197753906,0.9911157168199766 0.1211124122098178 0.054967440190928266 0.1321185926125165 -0.848951294956344 -0.5116897265707359 -0.015307297557439977 0.5144059509771108 -0.8574101726949723,144.83156944198183 148.0422930290118 961.5437420657005,-1
000002,000038,5,0.9482672214508057,0.9828026569680719 -0.17034984867742903 0.07127318227829686 -0.13154620791565436 -0.9167458794114325 -0.37719038662878357 0.1295937214509628 0.36132799730679166 -0.9233891626626087,208.31265752987596 145.63175000445705 974.6736211036091,-1
000002,000039,5,0.9414899349212646,0.9737641849121245 -0.21818309199970848 0.06464867011681452 -0.15881298892057027 -0.8550539305316518 -0.49362051257265266 0.1629777491946087 0.4704029275502229 -0.8672712026924676,248.27580248944545 170.44319774878645 947.7903244249354,-1
000002,000041,5,0.9595112800598145,0.9644596126395365 -0.25885452709402157 0.05302819429440951 -0.17161960053474554 -0.7662743701346255 -0.6191690418513168 0.20090885570200623 0.5880628567404286 -0.7834651927321321,304.50783087530147 90.98397858938459 978.0994677994661,-1
000002,000047,5,0.9633965492248535,0.9425248690741078 -0.326971652603396 0.0688215777982459 -0.175335583770999 -0.6593119871890487 -0.7311396149932728 0.2844368194178083 0.6770503983771315 -0.6787477099901327,282.9059896507916 -7.756076421474978 949.9068252687932,-1
000002,000058,5,0.9604682922363281,0.888169687047414 -0.35561799181190723 -0.2910162382235141 -0.4098084189995779 -0.3265042301941903 -0.8517347282941831 0.2078741607972603 0.8757458715660414 -0.4357264069434732,205.59021653545886 -7.323886919869668 977.8037383793435,-1
000002,000061,5,0.9624204635620117,0.8913315941464821 -0.3920967530167514 -0.22757004537067604 -0.36590203456065484 -0.3258256094674252 -0.8717530460626765 0.2676633900642078 0.8602893748552879 -0.43388765957380526,324.49131425355637 -97.72720684980061 944.1614973928188,-1
000002,000062,5,0.965836763381958,0.7531034363616601 -0.645718230403665 -0.12602849306652159 -0.4506483004395549 -0.36674114799674973 -0.8138900660881461 0.4793238189900431 0.6697379317989876 -0.5671858419058209,113.5478826266703 -126.58878975393628 1065.8562037875397,-1
000002,000064,5,0.9687650203704834,0.7575466356745651 -0.6450415693693234 -0.10022209618496253 -0.3223164385878215 -0.23610029539444666 -0.9167162941339694 0.5676576505202857 0.7267585735993868 -0.3867644858380537,124.86312453919693 -77.77991923843787 1072.2795325759919,-1
000002,000065,5,0.9625339508056641,0.7422698294580157 -0.4151230424284603 -0.5260307594820924 -0.5371976768664295 0.10062059481085484 -0.8374330730686609 0.4005672930303714 0.9041838062832405 -0.14831550225607582,324.37685094069525 -50.86315753645594 1026.0986012169283,-1
000002,000069,5,0.9444153308868408,0.9381431827453618 -0.3073190361540157 -0.15950667285655978 -0.1897929003938871 -0.07112097292417396 -0.9792448428102111 0.2895963114897682 0.9489451075945782 -0.12504862711695575,215.13985193987654 100.19547042352671 1039.2294858737519,-1
000002,000072,5,0.962925910949707,0.8665809315967207 -0.17513148465365824 -0.46729696347822036 -0.49679994439876385 -0.21419819161469467 -0.8410166169311875 0.047194324217483014 0.9609620688622418 -0.27262538027420535,117.1810139075582 -7.28588843862163 1000.0201155994479,-1
000002,000079,5,0.9673008918762207,0.7844569685555272 0.5892010055667142 -0.19357024441748671 0.21259845487799534 -0.5486836629319025 -0.8085469281464868 -0.5826054938533979 0.5931175373151631 -0.5556819463155476,235.98793600581186 62.81783990065804 954.1389839561226,-1
000002,000089,5,0.9590234756469727,0.7362406156514181 0.17985196532826458 -0.652382576739126 -0.5282806772646083 -0.449743328945476 -0.7201739123974764 -0.4229294053315136 0.8748623941149842 -0.23610698733694901,61.26867586286133 -65.4355874209995 938.267517598085,-1
000002,000096,5,0.9302096366882324,0.8712632321312179 0.4792968285294291 -0.10571154382513953 -0.052238393393493926 -0.12360209202746986 -0.9909559390316501 -0.48802820675851305 0.8689056755529129 -0.08265226191705932,170.6861349552365 91.015109874108 986.8510103380626,-1
000002,000097,5,0.9638845920562744,0.8233354867070577 0.5421498595810302 -0.1679053485899767 0.34693684282935255 -0.7148937610854214 -0.6070928573527629 -0.4491697935262939 0.44158854165094696 -0.7766891633505237,297.93321169440117 -36.69259870553967 867.2234175308014,-1
000002,000102,5,0.9692673683166504,0.7142465717481108 0.6905769786289526 -0.1138212253218962 0.5407136293880181 -0.6477133579895022 -0.5367459146337306 -0.4443879000829205 0.32182424158175227 -0.8360314299057316,187.21497331318685 -8.029647707901063 908.0698466351366,-1
000002,000107,5,0.9692530632019043,0.6514104192463612 0.7581292071007887 -0.030076087478413255 0.6935409885341398 -0.6110525032415388 -0.3815962991242671 -0.307677368229072 0.22771680575438075 -0.923839647047394,37.59427939237883 89.07489617836713 952.3365092485869,-1
000002,000110,5,0.9668128490447998,0.9730146398054221 -0.16814389019335907 -0.1580194384085969 -0.2292270359107122 -0.6259991427368825 -0.7453724165142401 0.026409784775983866 0.7614806008581785 -0.6476494559441508,160.49225467639744 44.85464499196767 958.1783043339245,-1
000002,000115,5,0.9556088447570801,0.8849111457096146 -0.4269378171771733 -0.18616219933941447 -0.27012183688174185 -0.14482502028037092 -0.9518717911254772 0.3794291204408683 0.8926084324970166 -0.24348250203390043,110.73081228917032 -52.835402394165065 955.3011845102576,-1
000002,000119,5,0.9570722579956055,0.9474228461055726 -0.20907436110268326 -0.242235138257688 -0.3142040830869778 -0.7510926628743044 -0.5806337967668248 -0.060545394942042974 0.626216993785614 -0.7772943662766512,274.3740930692901 -20.443378023072412 812.8495533629173,-1
000002,000124,5,0.9503326416015625,0.9728308062321107 -0.22238150077514407 -0.0643948022652139 -0.229204976805174 -0.9643222279357453 -0.13246780483113826 -0.03263894994513543 0.14362837053324626 -0.9890933171973431,135.2129569547197 88.64798470684285 913.6017295051246,-1
000002,000126,5,0.9570722579956055,0.9154865865421133 -0.3995484828900657 -0.047384804333419434 -0.39459746700112663 -0.8685966186835332 -0.29972112546136526 0.07859484014720258 0.29308859382749713 -0.9528493728131724,223.38250943322285 15.03720974719408 900.5051737931153,-1
000002,000136,5,0.9687650203704834,0.9001229997448988 -0.006483869378417079 0.4355875856451014 0.284734105472648 -0.7479948819713653 -0.5995249333641886 0.3297045260698371 0.6636728229952824 -0.6714412182064318,0.6745005312301622 95.61899660705893 957.0497448072352,-1
000002,000153,5,0.9609746932983398,0.9226809534766052 0.31576743391533935 -0.2212482446710587 0.011052341361057066 -0.5952548807208988 -0.8034609341644358 -0.3854058949237044 0.7388927896904062 -0.5527203103754992,318.5799898661928 -68.3026186657073 860.2011006143657,-1
000002,000156,5,0.96307373046875,0.9769355186341275 0.21331635194275744 0.009650203360654211 0.13378416972505747 -0.5762233112313913 -0.8062682503512762 -0.1664295297176716 0.7889631357594377 -0.5914713704403534,46.749961486773884 46.168722604139035 900.0120339924626,-1
000002,000162,5,0.9653806686401367,0.38232500912962863 -0.9237367071072762 0.023196623388674953 -0.800088216030026 -0.3434981486182649 -0.4918006389439887 0.4622622999595794 0.16946833874925243 -0.8703987868773999,222.8522171214175 -56.96075599193384 1048.8006941551535,-1
000002,000166,5,0.9692530632019043,-0.0031064401520992657 -0.9998745531295399 0.015531517426979724 -0.7786841555111386 -0.007326043356545631 -0.6273733458194118 0.6274084283666317 -0.014043044283244543 -0.778563714105514,123.040287174164 -116.88345703855443 1016.3812507598002,-1
000002,000175,5,0.9633965492248535,0.21681645171056252 -0.9750287405753257 0.04805810358030983 -0.9442026438700484 -0.22195589999241694 -0.24334532205770343 0.24793546252291604 0.007384680809006214 -0.9687484053730864,179.49968503051647 -32.13264164890357 945.5291742396763,-1
000002,000176,5,0.9682769775390625,0.24632108430111965 -0.9668867921251839 0.06675218829815438 -0.906605278114392 -0.25421670651688943 -0.3368096433043927 0.3426263170333637 0.022445430305018943 -0.9392036038764844,145.09757314552226 -119.45412694332319 973.9351182523409,-1
000002,000178,5,0.9306063652038574,0.7349863055310681 0.5918831549300911 -0.33086169556446543 0.45462788801119514 -0.7921596488193132 -0.4071812547563347 -0.503099010259682 0.14885369223658726 -0.8513130823517658,271.59747548630116 213.48424474708884 885.6377526302027,-1
000002,000203,5,0.9638845920562744,0.9065066090819631 -0.37981356205378364 -0.18435678932639704 -0.41528030711913305 -0.8808521592331795 -0.2272481905170728 -0.07607913123688696 0.28256173069660706 -0.9562273966667021,304.06464717274605 16.801582886956865 821.194550615495,-1
000002,000207,5,0.9682769775390625,0.8677700314957065 0.07080563158145554 -0.4918960611493974 -0.2743535992392736 -0.7570457724224795 -0.5929686341128911 -0.4143733522107769 0.6495138651280686 -0.6375158539079642,229.57779949321971 -50.569852166774595 756.2115932957514,-1
000002,000217,5,0.9512186050415039,0.9256723774107654 -0.2814737742370403 -0.25279075164146597 -0.31671331888967985 -0.21105501481112854 -0.9247423718857912 0.20693796977980045 0.936070667812976 -0.28451429054369926,140.27249195228515 41.21404704111356 843.6750089586874,-1
000002,000219,5,0.9648606777191162,0.9742972945514706 -0.13064548876811666 -0.1835116838084837 -0.1988228520403777 -0.11576099129744111 -0.9731746330440206 0.105897381158436 0.9846477284584442 -0.13876092931877926,151.5705665489091 0.5742719177172901 762.6246565509892,-1
000002,000221,5,0.9697551727294922,0.9808762207834218 -0.027263024847542644 -0.19271369172374386 -0.19391652228930573 -0.2217450319163734 -0.9556283394728456 -0.01667998455793955 0.9747234829922634 -0.22279117984915398,84.84528449187485 42.22278042152395 792.3190577636917,-1
000002,000224,5,0.9521715641021729,0.8176184351166133 -0.08002465116600702 0.570172035234296 0.4437831076701345 -0.5433293649071247 -0.7126357797474508 0.3668196394743583 0.8356968687480996 -0.4087225167035975,185.39895638422246 26.74686064024796 766.9099629119569,-1
000002,000243,5,0.9521942138671875,0.3245281913963616 -0.9440876998006462 -0.0581366328069603 -0.6429116601920328 -0.175081950484554 -0.7456613895084339 0.6937910709847241 0.27936486124716753 -0.6637840191826108,186.0123466774325 -209.63856323000851 926.6402692107773,-1
000002,000248,5,0.9492433071136475,0.6001763396751671 -0.7448229418720989 0.2915941469836295 -0.05690636221048101 -0.4033901072937478 -0.913256857229941 0.797840853324827 0.5315215956088061 -0.28449036216958445,283.82664953078836 52.770003204907574 937.1278462304375,-1
000002,000249,5,0.9702291488647461,0.4062437302198435 -0.9102310749237559 -0.08028338495735482 -0.7241931348753359 -0.2671393996115603 -0.6357521880218805 0.5572345422319946 0.3164110165881061 -0.7677068017968711,141.5788952939103 -29.46094645074966 910.3217876694902,-1
000002,000254,5,0.9721813201904297,0.02604907109995469 -0.9960232571995491 0.0852004519496877 -0.8151055972354353 -0.07050390284270924 -0.5750061434797116 0.5787264563248291 -0.05446898935676531 -0.8137006930979962,126.52155655453922 -205.3198603776276 923.6227719667203,-1
000002,000258,5,0.9790139198303223,0.9433243200881439 0.20463886406853915 -0.2612702861845927 -0.17218422196986893 -0.37122668577134976 -0.9124381302180716 -0.28371080493148637 0.9057116997609987 -0.3149515773593943,204.6940536229524 54.979923808207225 788.1318760471112,-1
000002,000263,5,0.9765844345092773,0.7986897825872632 0.5959556336848755 -0.08325571373766999 0.17751228980417505 -0.3655453826717594 -0.9137099978526205 -0.5749643625123118 0.7149919271478634 -0.39774681136898593,-356.31158417000336 -47.87059200648714 1061.5862987722226,-1
000002,000266,5,0.9599990844726562,0.9948745920658899 -0.09653994088405327 -0.030076334148839756 -0.0995875011609173 -0.8839533451627937 -0.4568465969973195 0.017517867286101253 0.45750029878636195 -0.8890368951489787,237.23581937733934 -52.3107905945392 751.1015984016361,-1
000002,000268,5,0.9673161506652832,0.991584092037462 0.09122277787596539 -0.09186617013261347 0.06104814015938593 -0.9552062927768481 -0.28957565992774814 -0.11416703990785596 0.2815303589954432 -0.9527363454611015,200.77145399327543 -27.597281872380396 721.5713069256858,-1
000002,000277,5,0.9692673683166504,0.8362886948272245 0.5445645420528292 -0.06380186864794699 0.3076252088150552 -0.5623475998054848 -0.7675492869480786 -0.4538589536471338 0.62226572823176 -0.6378067212428276,162.31703364964474 44.12294285855637 668.8991520147889,-1
000002,000283,5,0.9629085063934326,0.7314151477643338 -0.3052079687866563 -0.6098196269471828 -0.6807482559311504 -0.2741081471080866 -0.679298561558663 0.04017080616038016 0.9119829052554084 -0.40825664336827416,129.38117451552418 -79.72250633157628 732.93148157912,-1
000002,000307,5,0.975597620010376,0.2802606734798688 -0.9598776066966899 0.009430538841736641 -0.910321153782067 -0.26888295720979727 -0.314670227856086 0.30458061638504985 0.07960487098381419 -0.9491542090925762,35.36510153262121 -132.93988577248635 765.6457809983954,-1
000002,000310,5,0.969768762588501,0.2819195069715834 -0.9589252515748262 -0.03136484466812203 -0.8555782213127939 -0.23647357059590624 -0.46050641431456585 0.43417427238855943 0.156660819293718 -0.8871020735485211,94.6029596292143 -192.78331011129518 802.9774310637172,-1
000002,000322,5,0.9673008918762207,0.52079611940017 -0.8469081711193654 -0.10732172058337303 -0.4461529548089985 -0.16283905243424512 -0.8800176043225028 0.7278179325442069 0.5061916560884512 -0.4626565295913456,133.5873162537281 -58.15302171874528 872.4972440985894,-1
000002,000326,5,0.9536356925964355,0.39135205474737633 -0.7553807400344107 -0.5255887240324629 -0.6378061347617364 0.1890627511691606 -0.7466315092337329 0.6633603121270523 0.6274194878272542 -0.4077963739285648,85.46348693347407 -195.33182439412332 752.259679453866,-1
000002,000338,5,0.9624552726745605,0.9961486264151481 -0.0781838635681107 -0.03968875872053293 -0.08361062729164769 -0.7107102098228932 -0.6984985759880952 0.026404111329692698 0.6991267990365285 -0.7145100011713112,101.87291002164108 -55.31202501194864 610.3933934626708,-1
000002,000342,5,0.960486888885498,0.9533120049927336 0.30177331873352825 0.011361568434267152 0.26917239607199067 -0.8320650978536082 -0.484988550510967 -0.13690303988442892 0.46540362808471725 -0.8744466939933988,48.81851061197405 1.0829857180226492 581.5474541539347,-1
000002,000356,5,0.9590041637420654,0.9500822065953661 0.3099985123405403 -0.03528063289585204 0.05485345862757998 -0.27728271007618854 -0.9592212449531115 -0.30713986844347047 0.9094037722812989 -0.2804458596112116,70.266108925057 -18.111115389629305 599.4815610362413,-1
000002,000362,5,0.9507536888122559,0.9997957793437162 -0.020127236003972246 0.0018149317704836115 -0.002552373968107133 -0.2148528152682092 -0.9766431042906367 0.020047069452117844 0.9764390212103187 -0.21486031011849738,102.85076893482776 -22.274954044142657 641.1541417890239,-1
000002,000365,5,0.9546117782592773,0.7988273713723748 -0.40819451991735983 -0.4418733581646874 -0.5496789484288411 -0.1968828034217711 -0.8118437136364043 0.24439288942288262 0.8914114625840419 -0.3816513067884275,40.41335155951084 -160.81219824395595 688.0502578594441,-1
000002,000368,5,0.9760856628417969,0.26441063179939883 -0.9565682948959519 -0.12273595639132731 -0.8551138276156446 -0.17369093518510548 -0.4884790690040307 0.4459454670830998 0.23411227271199261 -0.8639005059343701,102.9460454233027 -193.75178886967478 716.7913357584466,-1
000002,000387,5,0.9668128490447998,0.8729289774511138 0.09475207396849256 -0.4785572534241041 -0.30471321782626193 -0.6601684299628572 -0.6865329554816301 -0.38097881201993106 0.7451172314200271 -0.5474079431583327,-30.857295153258296 -75.0500418173742 590.0007379710511,-1
000002,000402,5,0.9517064094543457,0.8265255892168031 -0.5522289849926467 -0.10908069720994537 -0.5627037938652548 -0.805471853270652 -0.18595573117919872 0.014828713344904848 0.21507729243863205 -0.9764844430597972,256.7283224836355 -17.26627565671338 985.2342622626119,-1
000002,000415,5,0.9575400352478027,0.9040544749707217 -0.32547782439432904 -0.2770373478665775 -0.41885613038766345 -0.545568515943565 -0.7258887906889105 0.08511784960914728 0.7722818010536509 -0.6295520402947197,350.4555855624735 -99.22243410545046 963.1509397188518,-1
000002,000417,5,0.9536576271057129,0.9660336684740091 -0.0820927304624948 -0.24503006954221057 -0.24958392749640815 -0.5421784276885879 -0.8023405858390803 -0.06698368838841327 0.8362435866147752 -0.5442516415552103,368.10059734042756 -52.88444953013381 965.2622471732764,-1
000002,000425,5,0.9342665672302246,0.6485776474194006 -0.36895537411709556 -0.6657469242723016 -0.7379850805762277 -0.09068373764018611 -0.6686961047998594 0.18634660210160636 0.9250126440420801 -0.33109900671470704,196.4805188941107 -227.31637401723117 1088.2237414842166,-1
000002,000428,5,0.97216796875,0.9134152036549146 0.2093965220557935 -0.34903547424722975 -0.22472963640499372 -0.45552250890761337 -0.8613918007502698 -0.33936596213134035 0.8652469823290058 -0.36902358097717647,264.14510726138366 -59.16712023800937 969.8173493852518,-1
000002,000434,5,0.9619324207305908,0.9186470978412378 0.1345845704643515 -0.37144919305444374 -0.2978663922868565 -0.38171219770405784 -0.8749693768755287 -0.25954406557246484 0.9144303098196518 -0.3105705821697411,334.63001542600074 -113.02151249222202 989.3247264707445,-1
000002,000435,5,0.9614443778991699,0.913691606328307 0.14967210245511717 -0.3778437643681088 -0.3024237134622808 -0.3706755731822793 -0.8781454987538642 -0.27149133699048716 0.9166230856751609 -0.2934187668613992,339.7966932669477 -104.58646806204723 949.7840288540604,-1
000002,000438,5,0.9594922065734863,0.937509427650546 -0.20503398462482342 -0.2811354446084901 -0.3401755469023165 -0.3701217130152865 -0.8644596664069065 0.07318927760304512 0.9060744907034398 -0.4167401431833113,191.8267714984457 -72.57556570239662 1018.5326244127987,-1
000002,000442,5,0.9649085998535156,0.9502729081269077 0.09782831388539899 -0.2956535490779193 -0.27058712768702653 -0.21057597399502015 -0.9393829706281318 -0.15415578617137474 0.9726702319791578 -0.17363356072918879,247.56433404876077 32.1724094425585 983.7228451447935,-1
000002,000446,5,0.9249477386474609,0.6759216198544584 -0.7358741482251924 -0.04023930649467561 -0.5322965023791443 -0.44970978000721984 -0.7172318644070322 0.5096963776291279 0.5062117657065127 -0.695671798258374,138.36058561434785 -135.30750976082982 1008.2992767173517,-1
000002,000453,5,0.9234857559204102,0.777156241517615 -0.5893447003617005 0.22068303157649427 -0.509771578520033 -0.7951808908881133 -0.32835999832437046 0.3690001544761309 0.14268908480316236 -0.9184109706850347,67.87683891804954 -40.95719618613295 1097.6544244382028,-1
000002,000473,5,0.9391350746154785,0.7255389552066929 -0.5697287487422911 -0.38600826070710453 -0.5830648910906022 -0.2109609806764179 -0.7845577081448812 0.36555240014953366 0.7942950443560554 -0.48524924034595673,-10.263816844199543 -131.5476643489219 1132.469014229554,-1
000002,000474,5,0.9633965492248535,0.8094293526322145 -0.4987187601011823 -0.31000600223307556 -0.5510637463400251 -0.4627395128061491 -0.6944068625507848 0.20286170305676415 0.7329063661963017 -0.6493807725994374,182.1830114144138 -135.21436243430742 931.4323624689348,-1
000002,000476,5,0.9512186050415039,0.6525099390249063 -0.7470520953569366 -0.1270588300612115 -0.6425656844619605 -0.4565907144705599 -0.615332642244174 0.40167165773258834 0.4831543089759988 -0.7779600202402952,302.01514620902356 -252.77570847716567 994.6605926235043,-1
000002,000477,5,0.9478039741516113,0.4042732861565692 -0.9081103713766093 -0.10908099512933306 -0.6198467524912278 -0.1843211424666502 -0.7627684575714099 0.6725720136358986 0.3759804115084001 -0.63740537857452,158.0243529543244 -321.52687148704416 1129.0595607852572,-1
000002,000480,5,0.8872480392456055,0.4432467634307521 -0.8790561380094587 -0.1754782406341554 -0.5621630483510057 -0.12011823826139212 -0.8182568764793149 0.6982155926194057 0.4613370948285812 -0.5474148985534257,100.47013673887272 -325.7918904866977 1158.3099212196287,-1
000002,000491,5,0.9546542167663574,0.44074217634329804 -0.8755290420595437 0.19797785356567235 -0.5861235103901831 -0.4477482150435168 -0.6752634793125076 0.679857017732451 0.18157762096591673 -0.7105096783326006,4.217196093182849 -173.417043912192 1166.4587723361299,-1
000002,000494,5,0.9258878231048584,0.8114210236380694 -0.5713552982058181 0.12308145924666372 0.050138700920272894 -0.14176536198427736 -0.9886297045969711 0.5823075073087887 0.8083660713770758 -0.08638438272174898,216.0386078682 116.84038645829654 1113.6344985555493,-1
000002,000499,5,0.9103696346282959,0.8904204279429185 -0.453660994712193 -0.03664919342486819 -0.03620027047808208 0.009676817125903403 -0.9992977032034176 0.45369703759145663 0.8911217992435465 -0.007806215067564848,208.2519791674713 200.01872812507597 1185.3814212254908,-1
000002,000501,5,0.9278380870819092,0.8265062812321664 -0.5523349118293025 -0.10868998232722199 -0.2802997997803881 -0.23635823312837667 -0.9303584297868788 0.48817966910436733 0.799412866300605 -0.35017092949901185,267.4375326059975 -137.12468205881683 946.0010233235142,-1
000002,000503,5,0.9259223937988281,0.6644618335775945 -0.7296248378602156 0.16167271784737042 -0.07536016050446148 -0.28065104911096883 -0.9568468189013615 0.743512822974455 0.6236045097739167 -0.24146655557693752,178.23018839300408 -17.858009693339763 1236.781248413851,-1
000002,000521,5,0.9487795829772949,0.8073621683292247 -0.533728659495355 0.2515950062779944 -0.19220881224776223 -0.6410245558425189 -0.7430634503871161 0.5578728364466556 0.5515625411865759 -0.6201263270614867,182.6621554705818 -221.2256463827166 1067.3124358665225,-1
000002,000527,5,0.9010248184204102,0.5464295243465631 -0.8373589117008877 0.015646977902907755 -0.23433059073271267 -0.170798763379733 -0.9570355043961603 0.8040546928967252 0.519285889874797 -0.289548295466739,150.6665911092257 -84.16613459236758 1065.8135746616233,-1
000002,000529,5,0.9375894069671631,0.6122552701956222 -0.7900240185401366 -0.031710160002429544 -0.198270763774975 -0.11458488626081009 -0.973426426635668 0.7653967522466854 0.6022726574984885 -0.22679386605447482,178.2299668074489 -49.32510137736544 1110.1129183171133,-1
000002,000532,5,0.9570722579956055,0.3484830968460373 -0.936936343980815 -0.02664241994375527 -0.876034999750856 -0.31545938884378844 -0.36475752658693944 0.3333499818870753 0.15045152481170737 -0.9307212946192429,144.14503202320384 -318.0343021572073 980.7788214456207,-1
000002,000535,5,0.9576354026794434,0.17302068110909785 -0.9765928591736815 -0.12778979348726616 -0.9812360054704344 -0.15970802864709932 -0.10802428964859391 0.08508669388905504 0.144082382672663 -0.9859008680016461,124.66764374170252 -209.25175351810432 980.726672645168,-1
000002,000540,5,0.9633965492248535,0.8896724323340891 -0.38872155860850477 0.23953812435126154 -0.1327822532314911 -0.7222018203033473 -0.6788176514921368 0.43686592493751875 0.5721189392281177 -0.6941383745370802,193.76905380254385 -97.13905039635013 942.2008837801134,-1
000002,000543,5,0.9066426753997803,0.6180697773958701 -0.7551542130768814 0.21847623381515852 -0.22427637244382997 -0.43575100009104917 -0.8716772193209404 0.75345196199443 0.4897582877214909 -0.43868777117086033,204.78527190248337 -50.089177992505626 1062.4276178351763,-1
000002,000549,5,0.9546332359313965,0.8848788648794563 -0.4552852834424239 -0.09851246200555829 -0.4641275440941951 -0.8437026589247105 -0.26972475996182593 0.039686487659350636 0.28439608647821685 -0.9578850915914385,321.6448112462061 -115.67434545668594 814.1612784372347,-1
000002,000560,5,0.9473161697387695,0.9985805789807164 -0.03085475830663436 -0.04341441203536374 -0.052732739637754135 -0.4581226969321628 -0.8873234205890761 0.007489022154727031 0.8883532959613765 -0.45909948388309596,309.6651476421607 -16.443846031283677 878.2138133658025,-1
000002,000563,5,0.9429259300231934,0.8235932502477161 -0.49762338140069867 -0.27214909228167133 -0.427099975152508 -0.22840246306707446 -0.8748816640492706 0.37320204899106585 0.8367815038277487 -0.40064566075354113,108.10853813939767 -128.26023600489276 916.1487253310341,-1
000002,000571,5,0.9478039741516113,0.9949101573117419 0.04377392930430611 -0.09076134634956975 -0.06851433531173642 -0.36660012245890483 -0.9278524322702975 -0.07388886746131582 0.9293482626692631 -0.36173504383582533,261.86630055346296 21.856245439970472 895.0251256726453,-1
000002,000575,5,0.9643893241882324,0.9759458978896112 0.017134853065180852 -0.21733844851492623 -0.21234462860569292 -0.15113428665094597 -0.9654367851396695 -0.049389908835215504 0.9883647222604339 -0.1438603930771245,114.06224360487901 -0.000939069733288278 965.6903911564158,-1
000002,000589,5,0.96685791015625,0.9288221805745869 -0.3678229495697828 -0.044672526707749544 -0.3526618913424887 -0.8406085384188036 -0.41110445817595076 0.11366154700428932 0.39759723704672345 -0.9104929927382219,178.02773816216154 -106.67413356574215 768.4721221606545,-1
000002,000603,5,0.9531698226928711,0.934854892146117 0.3454220390026913 -0.08203624565821632 0.03093434216370164 -0.3094406961129752 -0.9504154470882806 -0.35367979459586185 0.8859627929887013 -0.29996755213570747,172.48833139630463 -91.09067277375553 826.1122678766008,-1
000002,000607,5,0.9477791786193848,0.8156465173225297 -0.48681356733418185 -0.31262327078929414 -0.4232413493821284 -0.13367130192150123 -0.8961019714384109 0.3944458377937629 0.8632175471467081 -0.31506816301428753,45.877137502225516 -117.48320137050331 824.3170784818583,-1
000002,000611,5,0.9434916973114014,0.8641489876718595 -0.3960646250381391 -0.31045022129014266 -0.40151608888948165 -0.17075129384098853 -0.8997937686017404 0.3033667046143893 0.9022066328979336 -0.30658087690914315,46.67583952812039 -140.3060801095139 784.8794109894716,-1
000002,000615,5,0.9599802494049072,0.534544173916288 -0.8136676983528643 0.2284893931658658 -0.6048416058716062 -0.5571383909318957 -0.5690021486395948 0.5902788814948491 0.16595689201407401 -0.7899551582553404,52.80329400333227 -210.9597482544847 827.2640499445365,-1
000002,000625,5,0.8556370735168457,0.14716398933072217 -0.9852465814329285 0.08736094103771375 -0.3034309180924359 -0.129033181489411 -0.9440763295519609 0.9414204364628213 0.11242602834507964 -0.31794331249564434,-49.015628656031325 -154.8614389886159 982.6010849967154,-1
000002,000642,5,0.9595298767089844,0.4108213950396785 -0.8976286460310654 0.15965148042560987 -0.6828691362845785 -0.41897271153179894 -0.5984576924909948 0.6040823818715509 0.136838155556587 -0.7850858520545798,112.64722131440715 -233.05396964249033 880.176374148957,-1
000002,000648,5,0.8795363903045654,0.281075121429023 -0.9550209629223244 0.0945078647128173 -0.31837052622085993 -0.1856929459612311 -0.9296011713923837 0.9053380496519037 0.23119924350904686 -0.3562441938520988,115.0756433686176 -188.63819208956784 935.5665728277042,-1
000002,000649,5,0.9386482238769531,0.42639450342567853 -0.9016171521322422 0.07262395217360618 -0.49236063053313966 -0.29869920415347484 -0.817532748542277 0.7587942652322685 0.3128342954649089 -0.5712844883519907,132.44982049080005 -201.2461580827423 823.7458379753,-1
000002,000650,5,0.6132259368896484,0.3346250195694189 -0.9310726921441883 0.14536071760121366 -0.17423700199492087 -0.21272390335474012 -0.9614520310849344 0.9261034301923237 0.2963986890741881 -0.23341005484150656,92.43038602534475 -83.27080390675724 969.997700986355,-1
000002,000652,5,0.9638845920562744,0.9268637457966857 -0.3753267525628711 -0.007309277552955573 -0.3272341397354162 -0.7982519428452768 -0.5056793979740158 0.18396036127209295 0.47108774613053805 -0.8626905128296536,185.78582291014078 -136.73187776635436 713.2282792859078,-1
000002,000667,5,0.9653487205505371,0.9930470741653737 0.1128485959628674 -0.03350675873313007 0.013528579001748323 -0.39215405833140893 -0.9198000718006057 -0.11693795808797132 0.9129514712860786 -0.39095412139380303,140.2353066588151 -62.010899930406175 715.3142067412582,-1
000002,000669,5,0.970242977142334,0.9874189854452575 0.15567514118558798 -0.02773080595845738 0.08286829514307423 -0.6588132324932685 -0.7477285405492095 -0.13467216803162674 0.7360233522848426 -0.6634252271726206,133.33783113280248 -105.72334071760238 682.2638702032989,-1
000002,000679,5,0.9434137344360352,0.4085938840808292 -0.9127143718224536 0.0018743960322818998 -0.5234112739285534 -0.23599639472035228 -0.8187468106829392 0.7477243317000128 0.3335538594406302 -0.5741516756363512,-43.33648131389067 -209.88943612408616 810.8365479864037,-1
000002,000691,5,0.9565844535827637,0.8280751884153918 -0.5566205293430434 -0.06682116913586031 -0.5577616637966151 -0.8059698553494661 -0.19827889112760486 0.05651025331428757 0.20146011660333882 -0.9778652323753638,148.7186126591868 -187.5957193072888 660.4901512723003,-1
000002,000695,5,0.9463405609130859,0.6874783147550991 -0.6585477445396237 0.306085665955241 -0.5256913006290482 -0.7420839477938124 -0.41588468458178396 0.50102118037507 0.12500513024882173 -0.856359442189462,149.21000197827289 -209.88772662470845 733.5908995462537,-1
000002,000703,5,0.9453649520874023,-0.30203041098714123 -0.9474634861682956 -0.1053117904926088 -0.44055235596972336 0.23669119144997053 -0.8659624134681135 0.8453941403206349 -0.21515162622628214 -0.4888952088574008,27.938228916410452 -1.4710548983843266 1214.882374513655,-1
000002,000708,5,0.9546117782592773,-0.5189785208192337 -0.852436458676834 -0.06335123397991899 -0.712830562243099 0.4725014666288786 -0.5182807671192768 0.4717349726917302 -0.22381789015192025 -0.8528608723510978,-53.97730302441405 -59.74338893286388 1115.1802214495297,-1
000002,000711,5,0.7840461730957031,0.13108988346325567 -0.9861748903439156 0.1013633469689913 -0.27523997023245145 -0.13443053880104783 -0.9519303488302595 0.9523961367204455 0.0968891938908884 -0.2890572311275825,13.868654743437677 82.07813034352554 1261.5264599425682,-1
000002,000727,5,0.8611364364624023,-0.20854207911788647 -0.977726228071806 -0.023698611302532757 -0.003648974987133957 0.025009051888152944 -0.9996805651332826 0.9780065880241977 -0.20838898786676563 -0.00878313822802168,4.169012208148203 151.0174469918671 1220.4096597620096,-1
000002,000736,5,0.8501386642456055,0.020484895905150458 -0.9997820938433369 -0.004016698891935178 -0.1954951407879818 -6.551653260111756e-05 -0.9807046678974621 0.9804907031522749 0.020874878150956566 -0.19545388329255697,-170.66400332630178 62.277494267716214 1227.8707537605464,-1
000002,000737,5,0.8418374061584473,0.0488027677601941 -0.9938791562511982 -0.09910859008355871 -0.22887738039704647 0.08545851649381764 -0.9696968529913158 0.9722311631507861 0.0700076047874959 -0.22330584558042244,-111.23236467865438 79.00898412135653 1228.359775342523,-1
000002,000739,5,0.9210121631622314,-0.04598554757214757 -0.9965981819822316 -0.06839146938179341 -0.18944118853917974 0.07592182598996888 -0.978952456671524 0.9808146438034829 -0.03206150352151099 -0.1922880508315259,-172.388220786306 -53.23872934602622 1245.8006453022645,-1
000002,000740,5,0.8811531066894531,-0.15598425787596826 -0.9855192671155405 -0.06648823534228587 -0.07961382011959739 0.07963704653353498 -0.993639562651055 0.9845458602527603 -0.14969874736771632 -0.09088307925950145,-100.43910854303739 120.35138361578326 1246.4813694993327,-1
000002,000750,5,0.9560966491699219,-0.6344658433211496 -0.7728879770187282 -0.009862486434981665 -0.46952022082870815 0.39550341754267604 -0.7893844493939721 0.6140063972726534 -0.4962068335804752 -0.6138199429932976,-71.30472346176357 -123.09772526199468 1026.8847873391226,-1
000002,000754,5,0.9434401988983154,-0.6524292553869147 -0.7518325000594431 -0.09530980311407417 -0.6237258313653827 0.6041344552968688 -0.4959714177356573 0.43046736694299864 -0.26413907658187047 -0.8630923439700056,-29.36904487192129 -240.70198531570486 1045.2995189242256,-1
000002,000756,5,0.9590041637420654,-0.6346626664052144 -0.7704814713990723 -0.059679159697039796 -0.3911490712907838 0.3868794463085383 -0.8350608948168728 0.6664875872060796 -0.5066385262242891 -0.5469110529560539,-61.48255939552862 -159.34139470784635 1095.2734476670792,-1
000002,000757,5,0.9614443778991699,-0.5386052892811546 -0.8410121465581591 -0.05101873871433449 -0.43579355282444576 0.32989330945591044 -0.8374093286397484 0.7211021575858798 -0.4287994562938071 -0.5441899526885117,-9.662196786849748 -200.2173397287021 1122.4651386195235,-1
000002,000758,5,0.9599802494049072,-0.5361023208985756 -0.8434827173936156 0.03363342066223263 -0.5504309332813871 0.3190807459426189 -0.7715006579748866 0.6400156945061126 -0.4321161684396731 -0.6353389077955751,-19.81013800330037 -261.6519678023905 1138.9972467323912,-1
000002,000761,5,0.9399991035461426,-0.3734664848741476 -0.9249425295252914 0.07073967593298786 -0.29660303800216326 0.046809441328639956 -0.953852983457298 0.8789479066040466 -0.3772137236075279 -0.2918225217465371,1.2044122630235332 -36.9397720687447 1197.6433803840714,-1
000002,000762,5,0.9127645492553711,-0.6028442555505746 -0.7976100841033851 -0.019923786945869215 -0.2687116067645272 0.22648185680065147 -0.9362158089512029 0.7512475463784887 -0.5590385695788083 -0.3508603736297109,-230.1262949846267 -102.0686223320775 1070.9038129513501,-1
000002,000764,5,0.9551210403442383,-0.8133139435884322 -0.5796993960225438 0.04968942961768544 -0.3920102531053281 0.4828677011541398 -0.7830496437917669 0.42993998491060315 -0.6563439596988871 -0.6199711412169573,-104.98354100538042 1.4441268160935614 1075.9412825000336,-1
000002,000768,5,0.9502429962158203,-0.8366854654409985 -0.5474212947847716 -0.016951635199703247 -0.4530964613892921 0.7092423135654508 -0.5400730851698023 0.30767032452981447 -0.4441905747137044 -0.8414473867920842,-135.32045842066503 -137.58487914554468 1069.0048311514186,-1
000002,000769,5,0.9488496780395508,-0.7380152477555473 -0.6729622472091958 -0.04955106367644946 -0.5630941303956252 0.6546606878742878 -0.5043256726223236 0.37183127140453515 -0.34429812311877855 -0.8620906611387074,-121.85458603099465 -174.4486025872259 1095.4915816386988,-1
000002,000770,5,0.9240081310272217,-0.9009717743646448 -0.43375530708123056 -0.010305114123149203 -0.36152580051327066 0.7636493257657162 -0.5349194358226349 0.2398936376010472 -0.4782217486025019 -0.8448402226469234,-176.4108466909122 -71.36776448186927 887.9184411060295,-1
000002,000773,5,0.962925910949707,-0.39088866913578046 -0.8797091657825473 0.270772657370409 -0.8950258883552751 0.2946294298398199 -0.3348464696635062 0.2147899148356576 -0.3732362290968513 -0.9025297833171235,-87.1459110224499 -142.82791399553687 1008.7809617721617,-1
000002,000775,5,0.9556493759155273,-0.6727978096162643 -0.7222605992762963 0.1602583355354812 -0.7336366557618563 0.623366244316788 -0.27053979886320273 0.09550060051181285 -0.29958997342939936 -0.9492762944066682,-5.6736583549362845 -110.41599511172754 1003.1221476339118,-1
000002,000785,5,0.9541454315185547,-0.8517853458984339 -0.5204471384855431 0.05997083086714619 -0.2908714904448056 0.37460700327920593 -0.880376833600584 0.4357241106010814 -0.7673358906869813 -0.47046799073317835,53.5564758750324 -28.366006532392397 1096.6933110558405,-1
000002,000788,5,0.9599802494049072,-0.6387280338515327 -0.7693728827653732 0.009584677222255589 -0.25559266157760424 0.20040887937765006 -0.9457846860751504 0.7257402359796734 -0.6065489661452683 -0.3246528323429112,-90.85592112549864 -46.28419066163402 1017.8028481462172,-1
000002,000791,5,0.9575400352478027,-0.7272393657116871 -0.6837208714485637 0.060404262307227286 -0.3094515135319228 0.24804651862361526 -0.9179938373276298 0.6126684794667226 -0.6862934463801337 -0.3919676513739536,-98.20040654455697 -141.32412078244673 1074.5710879466742,-1
000002,000794,5,0.960956335067749,-0.7798582696535648 -0.5694030129282092 0.26000247714440394 -0.470124567148075 0.25855058495204486 -0.8438806114521121 0.4132843701578658 -0.7803408254661762 -0.46932315678430303,-201.53965846837013 -104.47656075032921 1030.3868205755634,-1
000002,000801,5,0.9614443778991699,-0.7325265454720902 -0.6782799432189734 0.05780293076992238 -0.16325691667948222 0.09260836533254779 -0.9822275041082602 0.6608721807846316 -0.7289444487046319 -0.17857197811433267,-114.67085714679018 -4.517123996281094 1179.6622576541174,-1
000002,000803,5,0.9614443778991699,-0.5693654569042408 -0.8174270349563164 0.08738431785366602 -0.14927207945734267 -0.0017307720440964403 -0.9887946453751721 0.8084187174841428 -0.5760295538864795 -0.12103359149689541,-66.95294769905672 73.89466905803306 1189.273125744326,-1
000002,000804,5,0.9594922065734863,-0.4297557780976571 -0.8988539315266817 0.08585791152075273 -0.18584877399803618 -0.004996863622540371 -0.9825656540696734 0.8836120214183965 -0.43821985479090936 -0.16490347016339602,49.12891171089173 7.317811370726918 1220.0838161273864,-1
000002,000808,5,0.9531698226928711,-0.9123807188698785 -0.36894194422339943 -0.17732249047185794 0.011742041605995512 0.409421441139479 -0.9122698109628506 0.40917422730837677 -0.834419513990373 -0.3692160971283116,-176.3532469158235 -128.71547965570318 1063.4964143441564,-1
000002,000809,5,0.8911142349243164,-0.2516048722822686 -0.9654578405267811 0.06772109279380972 -0.7380922985548952 0.14614936364169628 -0.6586805920331026 0.6260309473642454 -0.2157116632741303 -0.7493688886454613,-167.11063728833375 -182.370994754679 1053.794696641054,-1
000002,000819,5,0.9677889347076416,-0.5424508839383171 -0.8359801483472968 0.082971260589258 -0.814573785696397 0.49924912945411637 -0.29533007702492375 0.20546675198381661 -0.2277882751779352 -0.9517856457841138,-101.86784807193466 -48.99832474021814 935.891218273106,-1
000002,000821,5,0.9648606777191162,-0.5437225649698252 -0.8351057035232659 0.08345199988943455 -0.6781423443121706 0.37857851164979794 -0.629921639069351 0.4944580196471977 -0.39909494416734376 -0.7721622189324191,-32.97778980577958 -122.77175033478775 1063.5415383750226,-1
000002,000828,5,0.9159159660339355,-0.24609075704802064 -0.9647294528644386 -0.09346882941073681 -0.522185786427275 0.21320700618122457 -0.8257510381274539 0.8165545565048673 -0.1544016039136915 -0.5562362815926514,-50.245219838810215 -125.61203498115286 1092.413611288582,-1
000002,000837,5,0.9585161209106445,-0.9121377298758517 -0.4083124142324811 -0.0358571348628301 -0.28654636997755023 0.6977750330909035 -0.6565068019812723 0.29308009074247493 -0.5885498921745134 -0.7534673747626714,-172.25901637369859 -126.86213145640043 968.0435097849348,-1
000002,000840,5,0.9673008918762207,-0.6802612855302546 -0.7263945897537203 -0.09795653824656153 -0.36994040556926877 0.4556302850734666 -0.8096574211671974 0.6327627357358923 -0.5145405166752137 -0.5786703525874066,-100.10850207574137 -174.32216526501495 990.1596851621534,-1
